********************************************************************************
*                       GENERAL UTILITY LATTICE PROGRAM                        *
*                                 Julian Gale                                  *
*                       Curtin Institute for Computation                       *
*                    School of Molecular and Life Sciences                     *
*                    Curtin University, Western Australia                      *
********************************************************************************
* Version = 6.1.2 * Last modified =   3rd November 2022                        *
********************************************************************************

  Ewald parameters :  Eta               =     0.141053 Angs-2
                      Real space radius =    13.996121 Angs
                      Recip space radius=     3.948383 Angs-1

  Reciprocal lattice vectors :

   1.25664     0.00000     0.00000
   0.00000     1.25664     0.00000
   0.00000     0.00000     1.25664

  Ewald parameters :  Eta               =     0.141053 Angs-2
                      Real space radius =    13.996121 Angs
                      Recip space radius=     3.948383 Angs-1

  Reciprocal lattice vectors :

   1.25664     0.00000     0.00000
   0.00000     1.25664     0.00000
   0.00000     0.00000     1.25664

  Ewald parameters :  Eta               =     0.141053 Angs-2
                      Real space radius =    13.996121 Angs
                      Recip space radius=     3.948383 Angs-1

  Reciprocal lattice vectors :

   1.25664     0.00000     0.00000
   0.00000     1.25664     0.00000
   0.00000     0.00000     1.25664
*  single       - perform a single point run                                   *
*  conp         - constant pressure calculation                                *
*  phonon       - calculate phonons for final geometry                         *
*  distance     - calculate distances                                          *
********************************************************************************

  Job Started  at 18:49.32  7th November   2023                               

  Number of CPUs =     1


  Total number of configurations input =      1

  Ewald parameters :  Eta               =     0.141053 Angs-2
                      Real space radius =    13.996121 Angs
                      Recip space radius=     3.948383 Angs-1

  Reciprocal lattice vectors :

   1.25664     0.00000     0.00000
   0.00000     1.25664     0.00000
   0.00000     0.00000     1.25664

  Ewald parameters :  Eta               =     0.141053 Angs-2
                      Real space radius =    13.996121 Angs
                      Recip space radius=     3.948383 Angs-1

  Reciprocal lattice vectors :

   1.25664     0.00000     0.00000
   0.00000     1.25664     0.00000
   0.00000     0.00000     1.25664

  Ewald parameters :  Eta               =     0.141053 Angs-2
                      Real space radius =    13.996121 Angs
                      Recip space radius=     3.948383 Angs-1

  Reciprocal lattice vectors :

   1.25664     0.00000     0.00000
   0.00000     1.25664     0.00000
   0.00000     0.00000     1.25664

  Ewald parameters :  Eta               =     0.141053 Angs-2
                      Real space radius =    13.996121 Angs
                      Recip space radius=     3.948383 Angs-1

  Reciprocal lattice vectors :

   1.25664     0.00000     0.00000
   0.00000     1.25664     0.00000
   0.00000     0.00000     1.25664

  Ewald parameters :  Eta               =     0.141053 Angs-2
                      Real space radius =    13.996121 Angs
                      Recip space radius=     3.948383 Angs-1

  Reciprocal lattice vectors :

   1.25664     0.00000     0.00000
   0.00000     1.25664     0.00000
   0.00000     0.00000     1.25664

********************************************************************************
*  Input for Configuration =   1                                               *
********************************************************************************

  Formula = OMg                                                         

  Number of irreducible atoms/shells =       2


  Total number atoms/shells =       2

  Dimensionality = 3               :  Bulk   



  Cartesian lattice vectors (Angstroms) :

        5.000000    0.000000    0.000000
        0.000000    5.000000    0.000000
        0.000000    0.000000    5.000000

  Cell parameters (Angstroms/Degrees):

  a =       5.0000    alpha =  90.0000
  b =       5.0000    beta  =  90.0000
  c =       5.0000    gamma =  90.0000

  Initial cell volume =         125.000000 Angs**3

  Temperature of configuration =   0.00     K 

  Pressure of configuration =         0.000 GPa 

  Fractional coordinates of asymmetric unit :

--------------------------------------------------------------------------------
   No.  Atomic       x           y          z         Charge      Occupancy
        Label      (Frac)      (Frac)     (Frac)        (e)         (Frac)  
--------------------------------------------------------------------------------
      1 O     c    0.370000    0.280000    0.790000    -2.00000    1.000000    
      2 Mg    c    0.500000    0.420000    0.100000     2.00000    1.000000    
--------------------------------------------------------------------------------



  Distance calculation :


  Cutoff for distances  =      2.000000 Angstroms

--------------------------------------------------------------------------------
  Asymmetric unit site  Full lattice sites    No.  Distance      No.  Distance
      No.   At.No.            At.No.                (Angs)             (Angs) 
--------------------------------------------------------------------------------
       1   O     core        Mg    core         1    1.8207
--------------------------------------------------------------------------------
       2   Mg    core        O     core         1    1.8207
--------------------------------------------------------------------------------


  Brillouin zone sampling points :

--------------------------------------------------------------------------------
  Point number          x          y          z            Weight
--------------------------------------------------------------------------------
        1           0.000000   0.000000   0.000000     1.00000000
--------------------------------------------------------------------------------


********************************************************************************
*  General input information                                                   *
********************************************************************************

  Species output for all configurations : 

--------------------------------------------------------------------------------
  Species    Type    Atomic    Atomic    Charge       Radii (Angs)     Library
                     Number     Mass       (e)     Cova   Ionic  VDW   Symbol
--------------------------------------------------------------------------------
    O        Core        8      16.00  -2.000000   0.730  0.000  1.360          
    Mg       Core       12      24.31   2.000000   1.100  0.000  1.640          
--------------------------------------------------------------------------------


  Lattice summation method               =    Ewald          (3-D)
                                         =    Parry          (2-D)
                                         =    Saunders et al (1-D)
  Accuracy factor for lattice sums       =   12.000


  Analytic derivatives to be used

  Time limit = Infinity

********************************************************************************
*  Output for configuration   1                                                *
********************************************************************************


  Ewald parameters :  Eta               =     0.141053 Angs-2
                      Real space radius =    13.996121 Angs
                      Recip space radius=     3.948383 Angs-1

  Reciprocal lattice vectors :

   1.25664     0.00000     0.00000
   0.00000     1.25664     0.00000
   0.00000     0.00000     1.25664


  Strain-strain second derivative matrix : (eV)

     8.66136    -2.40424   -11.31964    -3.88751     5.02218     2.77589
    -2.40424     9.01879   -12.94506     4.85465    -4.16818     2.54666
   -11.31964   -12.94506   -15.57020    -9.61853    -8.91507    -9.62540
    -3.88751     4.85465    -9.61853     0.20544    -7.93147    -0.75990
     5.02218    -4.16818    -8.91507    -7.93147     1.51250    -0.22301
     2.77589     2.54666    -9.62540    -0.75990    -0.22301     1.29988


  Internal-internal second derivative matrix : (eV/Angstrom**2)

     4.12810    -3.75253    -7.94739    -4.12810     3.75253     7.94739
    -3.75253     3.51622    -8.55308     3.75253    -3.51622     8.55308
    -7.94739    -8.55308   -14.10114     7.94739     8.55308    14.10114
    -4.12810     3.75253     7.94739     4.12810    -3.75253    -7.94739
     3.75253    -3.51622     8.55308    -3.75253     3.51622    -8.55308
     7.94739     8.55308    14.10114    -7.94739    -8.55308   -14.10114



  Components of energy : 

--------------------------------------------------------------------------------
  Interatomic potentials     =           0.00000000 eV    
  Monopole - monopole (real) =         -11.36502229 eV    
  Monopole - monopole (recip)=         -24.40962015 eV    
  Monopole - monopole (total)=         -35.77464244 eV    
--------------------------------------------------------------------------------
  Total lattice energy       =         -35.77464244 eV    
--------------------------------------------------------------------------------
  Total lattice energy       =           -3451.7061 kJ/(mole unit cells)
--------------------------------------------------------------------------------

  Born effective charge tensors : 

-------------------------------------------------------------------------------
  Atom             x           y             z
-------------------------------------------------------------------------------
    1 O     x      -2.0000      0.0000      0.0000
            y       0.0000     -2.0000      0.0000
            z       0.0000      0.0000     -2.0000
-------------------------------------------------------------------------------
    2 Mg    x       2.0000      0.0000      0.0000
            y       0.0000      2.0000      0.0000
            z       0.0000      0.0000      2.0000
-------------------------------------------------------------------------------




  Elastic Constant Matrix: (Units=GPa)

-------------------------------------------------------------------------------
  Indices      1         2         3         4         5         6    
-------------------------------------------------------------------------------
       1    -10.7558    0.8625    9.7703    1.5203   -8.7176   -4.0169
       2      0.8625  -13.5119   11.7543   -9.1652    1.6474   -3.9060
       3      9.7703   11.7543  -67.6835    8.2437    7.6665    8.5954
       4      1.5203   -9.1652    8.2437   -6.7055   -0.1850   -3.3085
       5     -8.7176    1.6474    7.6665   -0.1850   -6.5713   -3.6861
       6     -4.0169   -3.9060    8.5954   -3.3085   -3.6861   -3.9034
-------------------------------------------------------------------------------


  Elastic Compliance Matrix: (Units=1/GPa)

-------------------------------------------------------------------------------
  Indices      1         2         3         4         5         6    
-------------------------------------------------------------------------------
       1   -0.017917 -0.275431 -0.012035  0.184538 -0.269737  0.365853
       2   -0.275431 -0.099350 -0.014105  0.003131  0.272379  0.091927
       3   -0.012035 -0.014105 -0.021666 -0.003066 -0.004936 -0.013950
       4    0.184538  0.003131 -0.003066 -0.867727 -1.113462  1.587164
       5   -0.269737  0.272379 -0.004936 -1.113462 -0.481755  1.392852
       6    0.365853  0.091927 -0.013950  1.587164  1.392852 -3.415960
-------------------------------------------------------------------------------

  Mechanical properties :

-------------------------------------------------------------------------------
  Convention :                    Reuss         Voigt         Hill
-------------------------------------------------------------------------------
  Bulk  Modulus (GPa)     =      -1.34757      -5.24188      -3.29473
  Shear Modulus (GPa)     =      -1.09924     -11.05858      -6.07891
-------------------------------------------------------------------------------
  Velocity S-wave (km/s)  =      -1.43274      -4.54434      -3.36925
  Velocity P-wave (km/s)  =       2.29205       6.10929       4.61394
-------------------------------------------------------------------------------
  Compressibility (1/GPa) =   -0.74207434
-------------------------------------------------------------------------------
  Stress axis :                     x             y             z
-------------------------------------------------------------------------------
  Youngs Moduli (GPa)     =     -55.81414     -10.06544     -46.15626
-------------------------------------------------------------------------------
  Poissons Ratio (x)      =                    -2.77234      -0.55548
  Poissons Ratio (y)      =     -15.37296                    -0.65105
  Poissons Ratio (z)      =      -0.67170      -0.14198
-------------------------------------------------------------------------------


  Piezoelectric Strain Matrix: (Units=C/m**2)

-------------------------------------------------------------------------------
  Indices      1         2         3         4         5         6    
-------------------------------------------------------------------------------
       x    -4.86419   0.37528   4.29054   0.48411  -3.89905  -1.94259
       y     0.34564  -5.22876   4.65033  -3.83202   0.48691  -1.77697
       z     1.22356   1.45351  -5.69171  -0.16776  -0.15995   0.91664
-------------------------------------------------------------------------------


  Piezoelectric Stress Matrix: (Units=10**-11 C/N)

-------------------------------------------------------------------------------
  Indices      1         2         3         4         5         6    
-------------------------------------------------------------------------------
       x    36.25010   0.28663   0.51482  -7.14390   2.66998  16.84362
       y   -11.05933  31.59588   0.29748  -0.41931   1.67992  24.71201
       z    -0.62243 -36.09569   7.66035 202.63098 163.45465-295.95829
-------------------------------------------------------------------------------


  Static dielectric constant tensor : 

-------------------------------------------------------------------------------
              x         y         z
-------------------------------------------------------------------------------
       x     0.71994   0.00000   0.00000
       y     0.00000   1.76314   0.00000
       z     0.00000   0.00000   1.87320
--------------------------------------------------------------------------------

  Static refractive indices : 

-------------------------------------------------------------------------------
    1 =    0.84849      2 =    1.32783      3 =    1.36865
-------------------------------------------------------------------------------


  Phonon Calculation : 

  Number of k points for this configuration =        1

--------------------------------------------------------------------------------
  K point      1 =   0.000000  0.000000  0.000000  Weight =    1.000
--------------------------------------------------------------------------------

  Ewald parameters :  Eta               =     0.141053 Angs-2
                      Real space radius =    13.996121 Angs
                      Recip space radius=     3.948383 Angs-1

  Reciprocal lattice vectors :

   1.25664     0.00000     0.00000
   0.00000     1.25664     0.00000
   0.00000     0.00000     1.25664

  Frequencies (cm-1) [NB: Negative implies an imaginary mode]:

-1012.76  170.42  290.01  359.74  366.01  683.51


--------------------------------------------------------------------------------
  Phonon properties (per mole of unit cells): Temperature =      0.000 K
--------------------------------------------------------------------------------
  Zero point energy             =        0.115907 eV
--------------------------------------------------------------------------------

  Phonon density of states : 

--------------------------------------------------------------------------------
 Frequency (cm-1) Density of States                                             
--------------------------------------------------------------------------------
    0.00000 |                                                              0.000
   10.67990 |                                                              0.000
   21.35979 |                                                              0.000
   32.03969 |                                                              0.000
   42.71958 |                                                              0.000
   53.39948 |                                                              0.000
   64.07938 |                                                              0.000
   74.75927 |                                                              0.000
   85.43917 |                                                              0.000
   96.11906 |                                                              0.000
  106.79896 |                                                              0.000
  117.47886 |                                                              0.000
  128.15875 |                                                              0.000
  138.83865 |                                                              0.000
  149.51854 |                                                              0.000
  160.19844 |************************************************************  0.200
  170.87834 |                                                              0.000
  181.55823 |                                                              0.000
  192.23813 |                                                              0.000
  202.91802 |                                                              0.000
  213.59792 |                                                              0.000
  224.27781 |                                                              0.000
  234.95771 |                                                              0.000
  245.63761 |                                                              0.000
  256.31750 |                                                              0.000
  266.99740 |                                                              0.000
  277.67729 |                                                              0.000
  288.35719 |************************************************************  0.200
  299.03709 |                                                              0.000
  309.71698 |                                                              0.000
  320.39688 |                                                              0.000
  331.07677 |                                                              0.000
  341.75667 |                                                              0.000
  352.43657 |************************************************************  0.200
  363.11646 |************************************************************  0.200
  373.79636 |                                                              0.000
  384.47625 |                                                              0.000
  395.15615 |                                                              0.000
  405.83605 |                                                              0.000
  416.51594 |                                                              0.000
  427.19584 |                                                              0.000
  437.87573 |                                                              0.000
  448.55563 |                                                              0.000
  459.23553 |                                                              0.000
  469.91542 |                                                              0.000
  480.59532 |                                                              0.000
  491.27521 |                                                              0.000
  501.95511 |                                                              0.000
  512.63501 |                                                              0.000
  523.31490 |                                                              0.000
  533.99480 |                                                              0.000
  544.67469 |                                                              0.000
  555.35459 |                                                              0.000
  566.03449 |                                                              0.000
  576.71438 |                                                              0.000
  587.39428 |                                                              0.000
  598.07417 |                                                              0.000
  608.75407 |                                                              0.000
  619.43397 |                                                              0.000
  630.11386 |                                                              0.000
  640.79376 |                                                              0.000
  651.47365 |                                                              0.000
  662.15355 |                                                              0.000
  672.83344 |************************************************************  0.200
--------------------------------------------------------------------------------



  Time to end of properties =       0.0040 seconds


  Peak dynamic memory used =       1.78 MB 


  Timing analysis for GULP :

--------------------------------------------------------------------------------
  Task / Subroutine                                          Time (Seconds)
--------------------------------------------------------------------------------
  Calculation of real space energy and derivatives                0.0001
  Calculation of phonons                                          0.0003
--------------------------------------------------------------------------------
  Total CPU time                                                  0.0040
--------------------------------------------------------------------------------


  Job Finished at 18:49.32  7th November   2023                               

